
AT3G48730.1	Cz11g23070.t1	71.021	421	121	1	53	472	74	494	0.0	612
AT3G56940.1	Cz16g08310.t1	69.054	349	108	0	54	402	49	397	0.0	519
AT5G13630.1	Cz14g15070.t1	68.318	1332	412	6	55	1380	80	1407	0.0	1904
AT1G61270.1	Cz13g01110.t1	26.190	378	260	9	35	404	60	426	1.02e-42	152
AT1G67090.1	Cz17g13100.t1	48.485	132	62	2	51	176	54	185	1.03e-46	147
AT1G31330.1	Cz13g06010.t1	48.205	195	95	2	29	219	32	224	1.31e-54	170
AT5G35735.1	Cz07g33160.t1	31.313	99	54	3	205	293	124	218	1.33e-09	53.1
AT1G15080.1	Cz14g10070.t1	27.928	222	134	6	30	246	10	210	1.37e-19	81.6
AT5G64040.2	Cz17g10010.t1	54.167	48	22	0	90	137	32	79	1.58e-13	59.3
AT5G67030.1	Cz09g19020.t1	28.777	278	175	11	90	357	44	308	1.58e-13	67.0
AT5G20140.2	Cz04g04250.t1	40.780	282	152	4	48	314	32	313	1.59e-70	220
AT2G06520.1	Cz17g16010.t1	55.319	47	18	1	69	115	29	72	1.67e-10	48.5
AT2G30570.1	Cz19g05110.t1	34.343	99	57	3	38	133	17	110	1.91e-12	55.1
AT3G26680.1	Cz02g00170.t1	40.922	347	188	8	137	473	577	916	2.00e-75	250
AT1G54780.1	Cz01g37110.t1	50.732	205	101	0	80	284	20	224	2.08e-72	218
AT1G06460.1	Cz05g36020.t1	26.804	97	60	2	189	284	108	194	2.14e-06	42.7
AT1G24095.1	Cz03g27110.t1	35.075	134	83	3	72	204	24	154	2.23e-19	76.6
AT5G57040.1	Cz05g10190.t1	70.000	120	36	0	78	197	84	203	2.48e-63	190
AT1G71500.1	Cz03g01030.t1	32.407	108	67	4	93	194	43	150	3.02e-09	50.1
AT1G09940.1	Cz03g02090.t1	56.140	456	192	5	65	514	8	461	3.52e-178	506
AT5G50570.1	Cz15g08240.t1	41.558	77	44	1	99	174	67	143	3.67e-17	78.2
AT1G79040.1	Cz09g21140.t1	46.565	131	55	2	22	138	12	141	4.16e-27	94.0
AT1G08380.1	Cz15g01010.t1	56.322	87	36	1	56	140	42	128	4.57e-29	98.6
AT4G12800.1	Cz02g18180.t1	55.090	167	70	3	52	217	36	198	4.79e-62	187
AT4G25080.3	Cz02g24270.t1	62.500	240	84	1	77	310	10	249	5.16e-112	320
AT3G04650.1	Cz01g05240.t1	38.122	181	91	4	61	223	57	234	5.20e-33	121
AT3G12740.1	Cz15g23070.t1	39.359	343	188	5	19	341	7	349	5.40e-82	249
AT3G62590.1	Cz14g09130.t1	30.709	127	79	4	300	422	332	453	6.05e-10	57.0
AT1G03600.1	Cz04g12110.t1	36.154	130	67	2	60	174	91	219	7.11e-23	86.3
AT2G31890.1	Cz05g10300.t1	26.923	130	86	4	332	456	608	733	7.31e-08	50.4
ATCG00510.1	Cz01g05275.t1	73.077	26	7	0	8	33	86	111	8.25e-08	39.7
AT1G30370.1	Cz16g01140.t1	30.081	123	61	4	295	392	59	181	8.26e-07	46.2
AT1G14040.1	Cz06g12240.t1	29.787	141	93	4	534	670	108	246	8.28e-10	55.5
AT2G05310.1	Cz04g30100.t1	36.471	85	49	1	40	124	36	115	8.59e-12	53.5
AT2G28800.1	Cz05g36130.t1	57.500	200	83	2	167	364	1	200	8.78e-83	252
AT5G08280.1	Cz03g22200.t1	68.788	330	97	3	52	380	32	356	9.47e-161	451
AT1G50900.1	Cz07g20040.t1	57.500	120	49	1	48	167	6	123	9.84e-45	140

